%YAML:1.0
---
R: !!opencv-matrix
   rows: 3
   cols: 3
   dt: d
   data: [ 9.9999834971973545e-01, -1.3691606455570773e-03,
       1.1941343862269123e-03, 1.3634695490540249e-03,
       9.9998777138153860e-01, 4.7537393883549436e-03,
       -1.2006284165028795e-03, -4.7521033774795499e-03,
       9.9998798793030275e-01 ]
T: !!opencv-matrix
   rows: 3
   cols: 1
   dt: d
   data: [ -1.5767802198499600e+01, -5.4260053756460973e-02,
       5.5346203720146858e-01 ]
Rl: !!opencv-matrix
   rows: 3
   cols: 3
   dt: d
   data: [ 9.9942378320865377e-01, 2.2374018497183980e-03,
       -3.3868799651958839e-02, -2.1565376382288895e-03,
       9.9999473697849106e-01, 2.4239143411458257e-03,
       3.3874044670168219e-02, -2.3494782997905872e-03,
       9.9942334826108714e-01 ]
Rr: !!opencv-matrix
   rows: 3
   cols: 3
   dt: d
   data: [ 9.9937862661846311e-01, 3.4390549374430190e-03,
       -3.5078961776707378e-02, -3.5227930395023781e-03,
       9.9999109070806569e-01, -2.3256039417484720e-03,
       3.5070651368277736e-02, 2.4477347957430301e-03,
       9.9938183794132185e-01 ]
Pl: !!opencv-matrix
   rows: 3
   cols: 4
   dt: d
   data: [ 4.1569013309116843e+02, 0., 3.1623325538635254e+02, 0., 0.,
       4.1569013309116843e+02, 2.7558806324005127e+02, 0., 0., 0., 1.,
       0. ]
Pr: !!opencv-matrix
   rows: 3
   cols: 4
   dt: d
   data: [ 4.1569013309116843e+02, 0., 3.1623325538635254e+02,
       -6.5585951308841250e+03, 0., 4.1569013309116843e+02,
       2.7558806324005127e+02, 0., 0., 0., 1., 0. ]
Q: !!opencv-matrix
   rows: 4
   cols: 4
   dt: d
   data: [ 1., 0., 0., -3.1623325538635254e+02, 0., 1., 0.,
       -2.7558806324005127e+02, 0., 0., 0., 4.1569013309116843e+02, 0.,
       0., 6.3380971808078626e-02, 0. ]
