%YAML:1.0
---
cameraMatrixL: !!opencv-matrix
   rows: 3
   cols: 3
   dt: d
   data: [ 5.4737320682070992e+02, 0., 3.1340703278703023e+02, 0.,
       5.4424322148310353e+02, 2.8699617489104958e+02, 0., 0., 1. ]
cameraDistcoeffL: !!opencv-matrix
   rows: 5
   cols: 1
   dt: d
   data: [ -5.1902186170644582e-01, 4.1712502090127274e-01,
       -4.3865894471223840e-03, 3.1424640986452011e-03,
       -2.5643488965975514e-01 ]
cameraMatrixR: !!opencv-matrix
   rows: 3
   cols: 3
   dt: d
   data: [ 5.4427459114664964e+02, 0., 2.9242080812988888e+02, 0.,
       5.4135927611595719e+02, 2.7438192875116101e+02, 0., 0., 1. ]
cameraDistcoeffR: !!opencv-matrix
   rows: 5
   cols: 1
   dt: d
   data: [ -4.9474767445226042e-01, 2.9520363940171490e-01,
       -3.4989229535530163e-03, 1.5218647234243009e-03,
       -8.7720305761985445e-02 ]
